 3.989731e-02  0.510503124  0.54601404
-3.618252e-01  0.662530401 -0.14544162
-6.004396e-01 -0.451589592  0.60418576
 5.689659e-01 -0.098728544  0.18746702
 5.658979e-01  0.069857945 -0.06094562
 1.448719e+00  0.373899999 -0.24435114
-1.911112e+00 -0.580289225  1.92140323
-4.900417e-01 -1.425871260 -0.88871604
-2.467946e+00 -0.932032920  0.81323169
 9.235455e-01  0.355298276 -0.91564725
-2.024161e+00  0.069877648  2.19716613
-1.164268e+00  1.833272536  1.59232477
 1.077142e-01 -1.933217853 -0.92351844
-1.193913e+00  0.069716301  0.81798005
-1.448173e+00 -0.851821300  1.17552894
-1.966978e-01  0.522378863  0.74927980
 1.657496e+00  1.394718600 -0.36355690
 1.968075e-01  0.053835847  0.75517759
 1.513690e-01 -0.651408093 -0.93256506
 1.470880e+00  0.989764543 -1.78333374
 4.187618e-01  0.853093209  0.60629054
-2.473358e-01 -0.907307697 -0.69197612
 2.582280e+00  1.070412156 -1.40175299
 7.122994e-02  0.915346952 -0.33358880
 4.120978e-01 -0.222778479 -1.36279007
 6.242991e-01 -0.207072639 -0.88184271
-4.213114e-01 -0.299762157  0.51999180
-3.900660e-01 -0.452742718 -0.90744763
-4.196765e-01 -0.061427635  0.51100165
-2.865804e-05 -0.203968582 -0.32558681
-2.404021e+00 -1.768143516 -0.47616975
 2.140677e-01 -0.526287200 -1.13590055
-1.596243e+00  0.633719534  2.60296972
-1.163632e+00 -0.645620221  1.16855051
-4.071552e-01 -0.048640884  1.10692113
 5.156161e-01 -0.696161309 -1.35865068
 1.553686e-01  0.083622860  0.04428571
-2.851453e-02 -1.455857983 -0.80625279
 1.412739e-01  0.724462710  0.35074645
 2.188845e-01 -0.159010387  0.56080665
-2.943657e-01 -1.724964863 -0.37796994
-9.486668e-01 -0.903039745  0.35141595
 1.514866e+00  0.537525484 -0.70514830
-3.709033e-01 -0.410423557 -0.64089285
 1.062823e-01  0.027376879  0.71682880
 6.239866e-01  0.305209744 -1.27558445
-1.787714e-01 -0.594410425 -1.01520840
-7.613831e-01 -1.739864885 -0.73577698
-1.649543e-01 -0.718403445 -0.71122420
-9.437977e-01  0.816751122  1.16600855
-7.860405e-01  1.194406456  2.04398815
 1.638705e+00  2.042773580  0.46223555
 2.007943e+00  0.805309401 -1.21736494
 7.537382e-01  0.698791007 -0.43733979
 1.079195e+00 -1.314831330 -1.73495107
-2.741054e-01 -0.743011862  0.59024842
 1.327859e-02  0.491941133  0.63310458
 3.050265e+00  3.151055360  0.43911694
-8.659600e-02  0.457494615 -0.47206590
-7.196682e-01 -0.215724605  0.22499498
 6.741926e-01  0.867848960 -0.21120480
 9.173128e-01 -1.103095733 -2.96100142
-1.242376e-01  0.678026566  1.57603092
-5.816560e-01 -0.015199189  0.35845921
-1.251048e+00 -1.131187912  1.04348216
 4.976039e-01  0.964863380  0.52391415
 1.319244e-01  0.569024716 -0.04756361
 6.359274e-01 -0.335776532 -0.38528810
 1.632428e+00 -0.457021674 -1.57349027
-6.500984e-01 -1.158809062  0.62808504
-1.208807e+00  0.675525690  1.64990161
-1.299264e+00 -0.628588103  0.87528505
 4.250905e-01  0.275676585  0.49356111
 1.649227e+00  1.975765882  1.08225654
 1.215932e+00  0.528996769 -0.75199939
 1.512183e+00  2.335197057 -0.09225076
-1.377549e+00 -1.750507612 -0.48431638
-6.396765e-01 -1.299665647  0.17014485
 3.479011e-01  1.148379908 -0.06528401
 5.793978e-01 -0.889494944 -0.75254755
 8.458270e-01  0.644192294 -0.65623459
-8.101540e-02  0.281940458  0.97121198
-3.451670e-01  0.562471795  0.15529178
 4.502312e-01  0.603243842 -0.34188736
-6.976286e-01 -1.066147703 -0.65613098
 1.462169e+00  1.779284322 -0.77278604
-2.070983e-01  1.547081386  0.89227054
-1.049160e+00 -0.405933443  0.79105847
-7.039091e-01 -0.762253146 -0.13655576
-5.841621e-01 -1.001430722 -0.29244055
-2.698988e-01  1.339179044  2.16335883
-1.190542e+00  0.008595664  0.70046370
 5.069042e-01  0.813941922 -0.30953494
-8.514916e-01 -1.324472567 -0.34218601
-1.790048e-01 -1.755905942 -1.23071914
 5.365365e-02 -0.594668143  0.12583389
 6.444042e-01 -0.061611618 -1.90006093
 6.600156e-02 -1.311972280 -1.25852610
-2.194768e-01  0.082852450  0.15140252
 4.549631e-01  0.601121910  0.67429276
